24999
20651
691
16210
24962
16955
7143
26193
24569
2751
7137
27147
6409
9487
17836
9910
18469
11943
4455
580
4229
32423
30522
23431
16322
11807
26255
29849
7840
30090
15742
23675
17450
920
21640
7164
7941
12593
29321
10716
10494
14006
15592
27186
30949
18058
30737
15627
9886
12497
11301
24660
13685
29815
495
10490
30898
24948
27675
22351
9837
12367
28834
2736
3236
13025
9865
6245
7307
604
15307
18888
16419
20108
6036
17833
11790
12892
27823
10482
12194
12699
20546
4743
3388
17408
10425
9840
5335
4460
2304
19514
28381
17264
19445
11418
13628
4111
1053
12884
189
25029
5013
4699
24722
16584
76
7994
28717
24973
22640
27570
32601
31886
15142
165
131
21323
22910
10803
12632
1678
934
8226
12694
8692
5726
3459
31771
169
23723
15250
30275
28531
14800
25567
2416
12274
12154
28075
31466
16678
5179
6805
30186
4401
3641
26230
31729
31838
9768
7817
12126
15715
1653
29647
11328
13027
15044
3249
25449
7735
925
23016
11204
16238
4706
12954
32232
29330
16773
31685
3564
12845
7415
24289
14205
8972
20196
21441
28719
3395
17565
443
13329
26226
8150
15368
8324
20806
18449
7533
12621
13890
12378
1819
21480
22975
9525
1749
17695
4913
14037
26704
27868
2477
5006
30175
11324
6568
26253
11344
20964
18434
3783
26128
10392
26179
16943
16790
21514
19492
28972
18175
28655
19025
32330
4342
9560
14957
7728
31959
10816
20566
29650
9748
24417
4267
15591
12503
77
4236
8862
10217
6585
25249
652
29138
14876
21854
17385
8514
4217
26245
3325
9391
28024
4076
27861
6464
23228
20864
19770
17642
15473
7306
16612
31705
12580
1073
490
29969
9176
22336
13437
21077
17494
1834
16854
24391
22980
76
24429
19410
9081
22385
5740
26053
15376
28827
24419
5568
12987
769
9789
9044
20186
7764
19059
1126
12749
5446
28543
15316
19206
29005
12692
2908
21090
21412
4748
31929
15545
26516
13090
1550
24244
18929
11361
19848
12766
2535
7516
20543
28670
9975
16672
28766
30885
12348
8423
11908
13571
26867
13966
4714
28158
5690
4937
1733
18566
23064
24214
11374
23586
16318
16751
26816
6095
23820
4548
13121
26891
11607
21032
26245
22829
2410
22987
6224
5367
24778
14504
15611
4718
6207
11263
6681
18665
12687
14086
19546
12137
8333
13276
25775
29992
29010
28862
24750
10357
9163
11645
569
16318
24692
3375
19034
14575
27234
20517
7026
17147
29319
27166
18067
9655
12338
18618
2090
23535
25301
24114
14305
5044
8459
17477
12227
2291
6361
2934
11937
28236
9524
2676
14773
22560
23748
16858
16774
24044
32232
10264
3595
26070
23546
29105
13843
20102
12756
10664
9701
27447
32147
11828
31011
1550
18843
26043
11252
23722
1755
16382
26465
19196
23634
22418
27904
6233
4049
18319
26064
6861
27651
2444
6245
9395
18348
28618
19013
28802
4654
4015
20625
32490
2385
12406
5096
6944
31811
4646
2952
31094
16350
8384
29622
9262
14378
26557
17249
10896
6947
22967
9474
17978
20668
16487
30406
27320
5155
26831
5615
29524
14919
24504
31095
25391
16792
21087
24567
27537
3853
26476
5320
11390
31852
9251
4200
25482
7110
12766
30751
31982
21568
6075
16610
15066
15386
15506
31095
26381
21481
17706
32730
17060
1831
8876
9696
10287
5614
25943
2330
5130
19457
10102
8700
1771
10508
9359
20030
30391
24109
20702
23171
16794
17586
1281
20281
22358
12837
4597
1216
3291
19846
20801
17102
19993
18903
1393
28434
8722
10718
7878
3863
13619
28966
14380
8556
24036
26183
24684
4610
20318
19047
931
19925
28348
10753
2291
14798
32341
10981
30840
4328
4938
31616
15742
28051
2395
18270
22769
598
26879
21741
6164
17847
29619
12420
9078
5471
19090
2211
31267
5242
25382
8061
11543
18781
15998
30131
28408
15979
5760
4707
19460
10809
30081
3169
7752
25328
27667
14532
4626
8435
22814
8869
20138
21698
30771
12323
5949
5151
10780
6314
30746
25199
11192
4214
21537
22626
12038
19794
26231
28374
2687
18598
3199
28921
29353
25264
27654
22958
29161
19218
18878
8243
4760
21133
9198
14336
28506
2572
25959
18418
7595
21220
17594
23720
9915
17498
9128
6702
636
2662
730
12504
18681
8630
24019
6513
3561
5366
802
23701
6788
8015
15580
26972
31125
22573
23881
16185
2513
19526
990
28449
2663
10200
11883
14319
21976
22065
27286
16903
16137
14965
15240
15929
17559
26012
2022
27625
3690
28090
9219
19053
27021
19075
19540
31159
13884
23310
9252
3636
31807
30937
3208
23539
6519
15374
26518
32010
16055
21764
7122
5942
11989
7945
27625
9409
29696
20575
30370
17577
32595
27524
29457
22014
26283
21942
32014
25228
13494
14007
1509
7354
32589
1486
15695
29874
14340
26638
1697
2242
27391
17370
20036
29954
24583
11689
21349
17976
20956
4615
14829
5112
12237
16605
30900
1552
7559
15857
30705
18723
9515
31408
29686
13971
20387
23852
30746
13220
5941
14433
1526
3039
26712
6588
15572
19125
9415
4062
5476
22629
23765
20125
1457
24096
13056
21579
8532
13674
7624
29755
2535
26307
31682
27266
17341
31623
11752
23803
17104
10003
11315
28046
17403
2857
18540
16817
18026
7062
4927
9006
14670
25873
6033
7719
12757
15207
24595
16472
15705
4821
31511
23965
9176
2229
28835
32180
11940
24414
24260
22339
18267
28997
12325
31773
794
24424
8416
6849
28142
32492
1428
31012
10891
18948
2232
3248
14913
22550
21039
21388
299
8473
19740
21278
23210
4162
32759
24526
21009
10719
10977
4621
21410
18563
8244
3222
27066
13667
2911
30708
23112
8192
6641
22341
14467
14598
15091
6717
16093
29812
26747
4206
1330
14078
12158
8646
26438
29360
27110
28761
12142
30419
24292
18272
22925
30484
15752
31618
578
3555
9615
8275
22112
15898
12924
14107
5791
14303
15594
15064
913
25803
17952
11654
17879
32588
16870
2717
9876
14663
12951
17116
11298
13826
19320
9541
28420
23362
3400
22889
15132
15792
4376
20197
20766
11393
30045
17965
23621
8278
8516
22152
28741
4449
21061
5468
9088
30922
10235
17068
6524
337
8755
7903
4501
11060
17731
19907
19951
26451
22685
27345
26287
28050
29603
12979
23915
21119
19645
26115
1246
8245
32425
18774
4321
30336
