14355
26233
25239
30273
2406
29434
25831
31764
17633
32746
3375
28209
9453
22242
21558
8592
11438
10308
15203
6737
30424
28355
12845
11098
26308
11302
28627
14658
28611
25416
5453
9326
26290
29540
11138
7801
4558
14479
20923
28377
27338
5510
12376
27328
18207
19114
962
9281
23204
15945
21408
5300
18526
6687
10830
18011
13721
25117
24714
16710
4919
26729
20849
16243
4425
17061
2731
27706
28892
9332
19682
13032
10261
17210
28792
24747
3201
10020
633
7598
30630
3433
11726
388
6622
16335
17588
18122
28517
1392
32365
25096
2992
4286
15669
32729
12032
3781
28792
11852
23096
15280
26434
13705
21739
8335
9975
25528
22970
24151
6724
20510
23773
10794
11349
22921
8447
24281
9289
25583
3663
18344
21731
6482
32724
2129
29826
12774
31488
17995
12627
1910
1417
30539
21957
30724
3444
30988
4413
23472
6003
22092
14604
4571
10096
23831
5534
27019
5994
27207
4083
26897
20608
3660
21331
14570
6731
28457
14142
13796
29809
3007
1443
28289
11895
17486
29010
4000
12759
19513
20658
1114
12883
26889
28855
19755
14472
8885
5135
21074
15046
18721
29340
13690
14367
29412
19751
26265
2494
22862
26963
25
24187
13738
2511
11830
5292
960
14032
9639
26173
19870
27327
28032
6915
25752
30510
87
13645
11150
13841
2213
19644
22125
23339
15472
2901
17144
31174
7207
213
20169
4775
6350
16452
20114
15937
25946
31693
2729
18217
30559
4813
25796
18634
31464
17962
2817
9818
15782
1766
23593
28173
21838
4852
24885
31880
1340
21578
17
29848
10076
13879
19361
24356
7242
25847
5378
1888
1720
11141
8722
26436
22033
25520
11570
14397
25691
11377
4682
31778
11106
23164
19726
4713
21779
22293
11392
11675
11046
24869
24502
15621
10752
25741
16350
7857
15063
23482
31615
11668
22807
28537
1794
9
9988
18701
30320
27262
13729
19072
9341
6765
977
8502
19142
23951
30909
26312
28503
26956
23925
17423
19312
13941
6618
19070
3977
17717
14523
30645
10387
23877
30526
5972
27265
7776
25474
30477
17415
29943
20098
8446
24481
18213
5437
4157
21976
28133
1300
5044
21697
20099
24435
21295
24774
10320
16563
10931
4776
27290
28223
20498
30405
9947
20470
30396
29079
29489
6353
26072
19838
20750
25286
13459
21951
27697
16876
8376
8908
17877
4831
13186
31686
8232
2150
10414
28992
15870
15443
19411
5446
19143
18347
16374
29853
32446
9735
25945
13645
21348
26682
20885
32349
23597
31284
3560
3294
6009
39
4048
6699
19397
3816
8153
30574
17699
17303
8883
614
1767
32386
30855
22376
17828
17735
26251
25764
15703
4153
16085
17066
14305
1797
14957
30253
22459
28822
14757
32518
31461
23093
24237
22651
18975
14837
13922
20162
18524
4174
25447
19905
30324
19720
32631
3352
24345
31578
9977
15713
7948
31060
25301
6838
15760
15994
25735
2164
26912
30130
18546
6719
27741
28256
21110
11847
28490
10447
22724
31945
22715
467
20721
16600
25611
16812
13130
24157
16142
4654
10344
10589
17478
8223
13572
12922
9562
27617
22540
15549
6595
3408
20213
16530
26057
28398
29780
8212
19886
17470
27816
28811
18729
16237
5498
32051
2838
18999
27305
26432
12651
17929
22015
1822
12654
5987
7431
29437
21541
129
24867
20109
22286
3898
26073
18438
1297
8744
4462
26220
23475
18697
23478
3345
4236
1125
7978
22619
2811
10354
59
14279
9752
26420
24294
26926
20202
17896
1673
14664
21211
419
4085
11630
29288
10039
10692
31396
3101
25174
15085
28118
29633
18426
5013
10594
18894
8195
8232
23511
26404
29218
21161
21500
12541
23031
13894
5653
26916
26230
24880
22113
20066
2191
14505
31975
8505
21774
15199
5747
24789
7616
17912
22235
21568
9687
1518
4230
13269
30095
3741
17711
1783
4370
17562
13287
2563
5785
4935
2137
12418
2005
8356
3922
6052
17037
29544
5249
31978
27784
16209
19835
3362
22189
19384
30209
8088
7017
10344
390
12683
31825
9392
1516
13790
17161
15543
17295
3344
10596
28944
28292
14702
3276
15502
7459
9095
28901
7258
32706
737
5485
24130
17860
16106
9063
10580
21459
23601
13688
29868
12137
18902
16273
24714
17301
9024
6606
9640
25340
14861
12958
3786
11038
31823
11301
12438
11482
2805
26846
21414
32308
5255
19333
17628
6487
18455
11828
32757
11478
29812
21708
26721
16695
10144
24214
1106
22450
25220
31530
28180
26166
13539
26256
28572
21677
21901
28838
31843
24449
2773
5057
32117
863
30532
24215
9156
22075
7823
13661
13507
29076
14023
11820
1328
20985
6608
3241
5681
20428
27412
8421
2211
5446
17784
3458
23215
13755
1424
14616
9118
18975
1038
28374
16878
14026
21633
29293
12197
32376
23612
2857
28901
18068
21907
19041
20673
28854
4942
4370
24655
28010
6231
6343
27646
11315
22454
956
23338
19663
12479
14402
11758
30141
31626
2917
3386
29693
14756
32461
8485
2071
16132
5602
8580
1118
26433
1588
21691
8310
11010
18201
28883
9748
10677
17560
4813
23301
31620
14725
16438
19570
24452
29934
9980
24418
6704
3766
3968
19072
6167
20352
13548
23839
10449
20430
30663
14203
26167
4714
7879
22593
7124
7686
6630
9042
17046
23071
31671
17860
25801
13095
7419
6954
32326
18914
7792
30742
11496
12817
15593
32220
17728
1102
11171
23448
8074
18231
26839
8306
12511
29646
16524
800
17580
6432
29103
17069
27234
25381
10597
1145
27503
2280
18592
21378
23918
26087
10225
9441
9370
17085
19869
1432
31369
4350
18930
21898
19735
7779
11739
13259
2464
807
20403
26
10354
20400
21079
5548
3201
15730
8831
9004
2909
26385
24142
17407
12642
19397
23335
16076
5678
8707
15811
3388
21849
15706
22656
4350
32608
2971
17404
6671
5857
27964
26083
8760
28174
27902
23045
25048
30812
6862
29100
8675
25723
3561
15660
28459
4747
21060
21435
4830
14989
17707
19843
29776
22295
9512
9206
18427
10316
22822
27746
12229
25356
13014
8389
12417
24680
12370
27362
8375
24921
257
9620
29864
15025
20922
2147
2957
32081
9260
12629
25120
28317
13693
262
20061
25901
14385
31995
10378
24005
25934
11316
1397
23688
10429
8704
26109
28264
27892
11030
32723
24289
18898
20704
898
30183
6858
10010
941
21021
16452
6044
24984
13127
4160
8308
25323
18690
14909
14392
21682
22963
8793
19611
24487
21949
30649
3901
29108
10999
2603
1224
24756
27741
8970
2616
10874
8709
25955
17530
30228
21845
31061
11833
14928
11636
1726
14325
11648
12286
17172
11861
25211
31228
5776
23230
14052
1299
7314
4644
30383
19707
833
9760
22752
26931
3697
27715
14742
28403
16843
20395
13641
12131
30247
8403
2384
9738
24125
6063
23974
11145
15997
15353
23533
16521
23611
10182
14259
1266
26639
22620
3061
12125
26492
327
12769
6349
25039
5546
29920
12441
21578
31700
18388
27821
12674
7955
24478
2547
28678
21453
22244
12555
27713
16844
16145
21314
8610
18650
17053
21442
32506
5006
15502
20742
23077
19557
26943
8849
18156
10516
5216
24288
21802
16413
26686
32157
31278
23713
16964
27157
10593
17525
12482
6636
24616
9336
32238
31759
10508
5923
27689
21483
23065
31073
1923
21725
4739
417
12416
4585
15248
19754
17437
5550
4273
22447
1294
13977
29426
4388
10826
31578
2965
1488
14025
9108
506
19618
32396
10457
18627
12232
31967
19413
17973
17278
24539
457
23520
24356
27950
22076
4482
11412
9247
5357
26409
16818
16588
20491
4760
30789
1206
5800
11244
30725
26752
28524
3455
9972
6900
27526
27405
29682
28999
26088
25621
12172
11422
17076
5506
26390
14544
17137
28299
30201
18542
16515
19672
16717
29185
26202
9190
20907
12946
14569
13228
16188
31088
730
4735
9238
8493
31232
3635
2249
31210
12429
10371
32564
18644
9861
12978
24478
24815
3954
19571
23554
14611
8282
18951
23977
9012
31214
17829
24830
2278
772
24606
17311
20767
18247
29889
14512
21311
11821
17532
22388
31567
7722
23621
30750
902
24612
15032
21220
26386
22310
30978
5462
29205
24664
31485
25070
4845
28463
27292
28136
20664
14817
650
12627
2839
2588
27662
23913
26419
1527
13362
3356
3582
1321
7204
25585
8124
18040
18652
3857
193
6517
5631
23710
25468
20583
4100
23875
13236
3717
22933
17423
18194
18024
56
30851
30432
31935
1070
3817
1808
9029
6043
6888
32384
8176
22760
4182
21628
21611
3174
9805
6021
14791
6452
28801
29008
25710
19810
8912
11282
1112
11606
13083
7419
13697
21103
19797
6144
13466
7401
19929
20702
19454
15617
13825
19804
3305
22361
20212
19664
10468
18589
28351
18660
32644
19559
5032
29594
13396
2912
18878
22158
24848
21673
3765
30588
14356
1657
10225
9729
11027
27143
7905
22182
27148
1706
22414
12058
20090
12350
30068
10175
1740
21707
656
26216
5652
19809
3258
13922
31747
13894
11573
16817
6421
4692
11909
28571
8969
15772
17536
3179
15764
29519
2728
7791
2902
27359
15544
3139
19213
20577
23933
30801
21769
7222
16359
30105
3296
3562
9824
31150
7010
20060
27740
12289
1231
32031
28210
4706
28488
11553
9002
27332
11652
5258
7639
8769
25028
29671
26279
350
19721
30856
25784
17807
7812
7718
18669
12286
22350
21450
12098
29064
5721
26601
27228
6152
24743
32724
11621
24793
14777
7760
2070
5270
8267
32128
26901
20516
17214
16396
6786
24307
726
15740
27852
2688
4645
28133
970
799
19655
14536
31239
17911
5328
11063
20061
9294
19715
22841
20421
20487
17221
28272
31597
4456
8017
12793
267
2593
10668
404
24946
10634
32476
2053
23394
13869
725
12986
6821
4228
10420
10925
23895
4868
25263
21644
902
13146
20044
7192
15611
18676
28882
3787
18774
7363
6141
2493
32353
9791
13046
32456
2206
6572
14210
5354
6690
11164
26490
10220
31654
11702
2683
27457
13276
26805
28638
13361
14591
22452
19691
12087
24750
10408
19273
1191
506
9774
23481
12435
32190
28295
8453
4592
8495
7136
1842
29941
5811
16855
23293
7364
22775
25660
30086
4172
23611
19220
20550
11886
25073
22500
5446
19806
10887
16428
32659
26957
31105
20785
8173
9797
8138
8447
22975
10580
76
20655
11348
3308
17086
17382
7239
29834
10429
29086
20795
918
14623
12841
15309
15242
13700
11890
22471
1367
3629
21639
24214
27141
18450
30036
32255
16025
2350
28593
26381
18235
16158
3232
18766
5528
5098
28879
3647
9862
9507
18277
26884
742
12590
2555
3676
26575
11999
2535
10453
14825
842
7873
23868
18454
18901
7712
29528
8536
25234
165
30424
495
15052
22587
25737
7105
992
31644
14284
15871
19534
2840
27720
8198
12048
12946
18396
21379
3371
19659
215
8667
1411
19427
5228
22730
7923
2844
24928
19018
22685
28130
23302
950
5247
28680
26733
47
4168
2901
17368
23103
24681
5695
28270
16572
8558
32758
3123
13039
21391
3492
15415
18422
5250
31987
16654
1383
11156
12241
3455
2358
7160
17776
2432
2777
12639
17552
9059
30633
15049
15104
330
11916
26522
30306
26336
7889
31472
14896
9035
20059
18740
5884
7004
2818
13295
18172
17417
19254
6111
13253
8478
485
24907
2391
7215
27039
14995
31322
18385
2809
2315
6567
25354
559
11273
27914
12549
18445
12861
7494
30986
527
31041
26458
17070
7623
27505
13059
8775
15231
20477
29314
10659
11296
24893
12191
20730
1618
7492
27118
27680
5861
1207
10833
32767
12400
15328
28606
3141
7735
16894
22851
7514
15954
13023
12615
14997
1804
18097
15890
1199
31626
1046
31632
6264
21421
22646
8785
2504
23352
2713
8149
2745
19510
15221
25607
4883
10390
26948
10247
7176
22297
10458
4652
17442
1902
2358
23370
28537
8603
21847
22832
14377
17566
10321
4725
17155
6228
1951
16245
19587
30363
30651
23702
514
12211
16108
12752
31533
28139
19039
29548
26550
31865
27002
24587
17738
30121
21357
32747
12738
7226
11018
26982
11677
25604
29910
11963
25262
28127
13152
22801
17170
31425
7633
5305
5221
6694
9413
29364
15157
6069
14681
25461
23223
27680
2693
20199
7353
13644
11437
28082
13784
31154
24434
18363
31219
15109
26062
31721
5344
7188
9312
13615
15197
7667
31236
28871
26697
14421
1703
31163
31252
20797
21594
15786
17524
22486
5796
24265
27225
1694
29725
10024
5156
4298
3640
16695
22035
16103
15201
22920
23296
16061
10056
3542
10060
10872
19836
19783
2070
2826
571
3566
688
22987
32137
31636
22611
17762
7295
952
29201
15849
19686
25300
18700
3148
22276
5858
7910
30962
31158
23327
6776
17824
3263
4367
7367
32410
7520
15041
25139
26379
14633
27220
17394
1190
23310
19130
11709
3726
11965
9660
7113
17267
7727
2878
13561
27390
23933
32197
21842
1648
26870
18486
7343
29830
10606
24801
21942
3231
13016
32189
18698
29984
20760
15861
20674
14616
22290
3236
16411
24864
25607
8413
29545
4998
4897
16111
7252
32682
18764
7911
7744
6311
5448
7254
3853
25398
22012
4948
12289
23248
6926
3780
29442
12819
29616
11226
24585
29287
8125
22235
28371
16097
22276
17700
10458
15976
6884
20590
10115
28950
17945
5968
17049
29920
20181
1797
762
32122
28434
12912
11664
885
10023
6749
31363
28331
20122
19210
19629
16348
10038
29414
32079
32153
9821
22168
4098
26721
26783
17987
25328
14859
907
30729
12099
29795
10692
27598
28126
792
21848
15422
29771
13526
27726
273
24053
20399
4990
9869
5528
17599
9126
24141
4853
18192
29881
3394
8394
18875
29562
23287
16129
10576
13642
17945
29992
1144
32318
25142
10529
2009
28021
8901
19995
12602
17321
22375
32705
19944
30723
15724
23984
14424
3892
19097
15151
6413
26817
5416
30490
11964
30366
32017
4128
25007
4863
31368
18735
9831
26731
13767
29227
29573
8210
19469
10470
20203
19040
26087
9805
13854
13778
686
27615
26094
10249
7505
25956
17754
11549
3668
21211
30638
28979
20249
3764
23022
22610
607
1087
28535
18546
26120
27237
484
22998
4639
5782
30767
24988
10521
31746
10520
2707
23899
11020
11467
28748
28669
25851
29117
28788
3278
6131
6359
9824
10136
22309
23766
17642
16037
9026
2290
17020
9857
5941
17085
2922
17154
19729
11087
11909
20870
3912
7072
14317
10364
10783
53
11814
4134
29022
6143
25966
6300
20044
6784
7502
4373
27098
2351
7280
1122
18207
12318
16048
24251
25092
6618
10613
8382
9793
31378
6722
17333
21128
22140
904
13080
7167
26485
27583
32595
9716
1512
17076
11720
8653
6384
8485
18968
11069
20929
9867
7326
13502
13892
26935
10813
6203
16129
11424
24924
8204
3138
20988
6190
7208
30325
14093
16439
22422
32211
30526
29452
549
23871
17134
15450
25181
17521
16652
17705
25525
32083
12004
17506
21767
171
12856
22671
27456
15867
4499
12003
23644
6821
18138
7034
9874
27731
8228
1761
22475
29334
25291
21721
26969
5070
9412
10328
998
24905
20523
10449
16298
9903
1314
11445
13538
2205
19932
27962
28797
30352
22773
10075
8472
29701
11781
20000
4140
31966
4212
12831
15238
2312
1168
16963
8952
29531
10972
18892
7759
18369
26027
20375
20356
15515
31982
31392
1335
23392
13387
8133
8536
7303
1903
23757
22568
31400
164
25768
23392
16606
23974
24824
17839
6255
30386
3281
23146
6575
7137
27837
28032
25633
23732
18436
1964
480
28144
18218
6894
6717
8620
23480
23355
14250
9640
21824
3956
9431
31712
18331
28309
9498
24929
9845
23855
3092
5980
14860
7960
30866
17017
20788
20832
14001
21613
21663
16520
3398
13263
8027
28399
31356
5671
16540
24461
9151
16457
2748
30947
31961
8417
4992
5170
27227
31054
2461
3308
25407
2228
890
25704
21963
27980
11064
19929
21433
12287
27632
13953
18836
11828
1083
7714
17765
21990
8696
21430
4239
26617
27465
27231
8440
13518
6367
31393
9577
1813
1400
975
12600
12514
22181
451
19236
28419
8913
2770
25472
5778
14463
2560
30100
16582
27347
26991
22592
26894
1876
16670
482
12641
22768
24016
17274
16591
23617
13385
16140
28765
2318
5312
7494
14863
21781
12946
18019
7750
21511
21556
8783
29516
6357
16235
9228
21294
15402
13759
9300
7114
11320
5421
20352
13608
10680
28956
10920
4622
5676
14226
29708
7886
30568
13992
25266
4707
21584
5691
2385
21948
20195
6629
24686
30040
8057
16171
15301
20755
21832
3064
12010
32320
45
8523
9520
4087
10154
26156
12490
14768
13099
24292
21808
17
10125
1133
20677
27653
24032
12328
10678
29710
5996
28622
549
4060
4851
21929
30599
10782
1846
6404
4426
25752
9914
6880
699
25206
4300
8936
17448
3296
21443
26791
18241
1486
25733
15609
19140
15646
12109
26559
4442
23524
9643
3543
32700
31233
28108
13132
26137
20983
5883
11721
30908
26363
30568
6996
15338
20812
5928
12600
26377
9412
19582
30531
776
9644
27993
17202
18426
16341
14877
2154
32260
29668
26022
20457
25978
12014
24203
27771
27205
16453
15775
16177
9864
24977
32190
8207
30851
1314
24774
16133
12215
24196
9699
4385
5450
22868
29968
7682
21422
29267
9178
16784
382
9913
14183
13802
21416
28108
18360
31136
15057
28848
10283
26147
28661
29825
31044
2681
13390
10911
1964
7733
18552
23369
7290
8359
24274
7790
8882
30800
3367
5823
17931
9880
398
25353
28406
25540
32398
14786
16347
14114
25222
25314
30630
24454
15948
1012
23938
8186
16149
29292
6628
17586
28565
59
8396
29758
5223
30369
4424
8451
10158
13122
11833
12012
14333
7037
21593
8541
11892
23033
4477
25961
16428
6784
16664
3140
3798
14353
20993
2555
15518
4400
6518
19554
30550
30337
22368
15950
16080
26517
20440
2821
27275
4612
7659
13811
12946
18108
9114
23199
16290
22936
15141
10461
1675
7989
3466
28996
29400
32001
12872
21986
9394
16276
31848
29487
17922
11076
6334
5440
15062
31475
24941
19773
12550
16684
2729
31509
21271
24431
3265
8048
8799
1992
28508
2534
15466
31910
23042
14190
3997
747
3551
29977
17177
14912
11460
6912
21987
20395
29039
29562
14657
15971
15628
8851
27239
4835
7676
8634
20306
25661
13268
9146
23285
30641
5289
29932
15507
17022
6027
11178
7788
15864
10319
15622
14235
16859
2194
18876
13631
22751
8698
14182
16089
17292
19903
27119
6645
7504
13674
12618
12557
22479
12509
16228
426
122
17812
14935
13772
1123
11050
16096
27788
26191
31007
26387
30208
6925
25048
10573
1631
7
7911
9067
9317
8215
29325
9785
22265
15004
25213
5421
22030
16588
4067
28246
17095
15692
20645
3727
10974
23038
28137
1528
23366
30746
11223
4263
17935
3712
32416
1946
32651
16972
4287
24048
5807
28075
32383
32345
19643
2286
27325
7372
28702
10717
20719
20600
24211
3406
14437
2556
29329
24310
11471
14810
24546
13182
8192
15145
17297
26841
6385
22155
27402
24790
21513
29023
5757
18929
14491
15672
14979
27247
18353
31629
1284
8618
26632
10674
10584
5033
13147
10502
14252
13043
10468
14191
936
7333
26913
19459
24143
31427
24276
11272
10022
24780
31053
19487
30872
22161
23531
20924
29593
1350
9953
18649
28298
15066
15670
25068
2908
14212
11280
19478
30969
31135
5937
32669
25567
31671
20162
3228
23054
6372
29263
16889
9765
2902
17684
16536
26056
14642
6007
20174
24388
17309
27093
25
23158
3093
11393
1294
233
9224
16650
14226
2366
23199
8381
14157
12753
23771
19563
10844
20121
7140
26989
30278
28240
28062
12260
1330
23252
7036
3653
27479
30926
21401
9750
179
19089
12293
1522
17152
6725
18524
17619
5092
3908
414
25233
10088
12996
4154
4517
13995
10167
24684
20019
19160
6639
22729
26184
13397
10374
11033
22368
573
20349
10084
9515
3601
5283
17744
3472
28586
31672
22442
15859
28018
1491
7746
28083
15572
16385
10748
503
9969
9519
18212
7851
26005
22346
25090
18629
19561
29604
6574
32205
4714
1690
29990
25756
20377
25204
28318
31588
756
23948
18711
26352
13478
15283
25651
18221
2171
18128
584
13546
21654
23242
13491
19676
4198
26792
25199
27621
12246
13559
7398
149
16068
21868
14086
5618
20661
12747
21144
31604
6343
3079
22477
11860
15847
21419
2842
26631
16195
18552
13638
30213
32002
12368
4546
16078
14643
9299
30520
6191
9476
14663
28262
21185
20021
1853
11053
7860
204
21617
7141
11722
28937
26483
756
13990
16796
17540
20127
15687
14870
23107
8992
17616
16798
24969
19192
20106
29157
29841
390
18987
22108
8540
19417
23385
11172
31571
21443
6250
13125
28719
31022
9838
28580
25622
3507
22127
23599
22790
28265
10231
30171
9591
28667
21715
10192
32316
20734
18967
28770
22443
9857
12898
21060
25085
30437
30051
26104
9464
30447
20636
8074
32459
7451
28006
7294
2617
32563
6198
3591
12281
11809
32030
4986
26461
1026
3479
6401
27187
6267
29565
3732
24553
20304
13659
2853
17396
13618
28649
12315
2929
7897
18643
24834
19981
15955
32444
9089
30243
8860
14979
15244
15397
21870
1477
22490
28989
2906
2723
25242
23860
6680
197
19042
13202
10524
27550
22376
25607
20585
3570
24820
18953
6570
13974
30485
32703
6015
19064
21652
22558
1813
12255
11558
17490
12281
32499
11237
10335
30254
7039
13825
25352
21117
7158
17843
3312
9484
8628
29043
13055
5682
1671
29547
4103
31114
878
17707
2471
26438
13472
9118
29808
32710
7888
3901
25415
3434
6576
7298
1546
30884
17332
10400
23415
16977
25368
18033
14921
30793
22564
30640
30115
22580
1199
1640
8370
5280
19682
4780
13711
28753
5438
10377
9058
9176
25056
29241
1997
16744
31492
23193
6024
2788
15049
13278
31304
28220
26676
13955
7654
7162
17270
27781
17597
27672
10098
23763
21332
1301
25722
2816
8509
31048
14425
7996
20796
20083
1943
19074
29868
9115
15352
15123
32287
26903
27718
13602
18245
24296
12624
9169
11791
19784
19507
13916
3347
11141
472
23956
4915
10512
20414
15760
15993
19665
24058
26527
32326
7870
21116
28800
16556
4012
27027
14038
28440
4965
30644
28118
7732
8442
14455
16451
29963
3419
3810
8092
3951
29732
6890
5012
24471
8890
18487
7618
21261
14743
14888
1434
16072
30690
14615
8348
22164
25923
1246
27339
13243
19957
12441
865
11998
17693
27566
25025
4388
8538
23563
22189
24727
10141
28079
11705
19402
22587
15212
767
30911
4672
29931
8469
15113
263
26096
31548
29998
2055
735
6106
10575
8432
7808
32555
32011
24567
11519
563
13472
4717
14391
28151
26963
11159
26927
32492
32531
29626
19173
10416
7513
11637
10827
1528
12114
9555
14224
1226
12096
24481
19616
8940
16670
22653
31982
20124
24706
2608
21105
16257
9672
11710
23532
23522
26221
27067
28787
32278
13497
25439
19499
11835
673
26077
27217
9259
27627
5105
16510
9644
27539
22456
16169
5351
110
1221
15213
17180
1293
24689
9740
23443
16100
1138
13237
31446
26795
20400
23170
17949
15365
22868
18629
5898
15968
6689
14596
3990
21788
16391
18242
10828
25839
24565
11136
6837
136
31216
32132
4627
27250
866
26073
15441
28220
27572
24599
2363
21719
20254
29285
5611
30783
19390
32315
19075
14941
11496
3693
34
25389
24766
18021
17168
10780
27648
22191
1340
28340
20517
6844
21737
25722
6058
17375
27556
13847
31914
13724
10617
25527
23983
30498
20582
24751
29896
24086
5136
13410
1243
22162
20917
8805
28989
27758
1122
7649
29568
31166
18790
3129
25484
7835
2310
6893
17905
26151
6002
11455
5244
15563
25080
8724
29961
7107
31864
156
21143
3549
8984
15925
3234
29053
1080
13069
12461
7141
26281
30471
29214
16819
25
11873
21582
18603
4050
2451
15073
26295
4517
31866
21587
12844
7456
28853
4820
1871
17672
30544
10070
26392
2819
15775
13028
13110
15252
18797
8757
27474
17996
16471
26497
20376
26175
15986
1683
3188
11958
52
10016
21401
20515
25489
8535
1608
10586
1124
14521
21711
30973
30737
31019
30544
17208
27752
27209
25539
16303
11725
3326
9534
25525
22678
22353
14452
23743
14773
8834
4477
3864
8855
16214
11989
27862
13388
9391
23974
14604
26087
27743
4938
2881
18984
4670
11
10017
22616
10619
16174
31859
15477
31791
18481
25419
29327
18744
1360
26753
12658
5188
13134
15969
26757
15404
28273
9636
21746
19332
4303
25248
29191
14192
17864
4795
18653
184
30420
30245
25399
27423
30079
455
26028
16113
1713
19830
5385
18652
13107
12909
19185
3072
367
11770
7622
23113
31863
23671
16333
18173
11337
8316
22924
10129
25426
19027
25463
5825
1328
21420
17100
11744
10940
914
11708
26732
18248
3742
6859
26085
13093
1899
16249
32223
16233
13129
25122
23127
14062
5942
803
3139
28830
20746
8510
20076
22254
4337
7488
27264
2217
18206
224
29795
30447
22974
11499
20423
9341
30507
12958
13308
27183
22627
23635
8713
25794
1976
10593
251
28639
32713
16701
21629
21077
14000
8677
16809
32679
27005
3454
22046
4806
15332
31547
17747
26143
50
3970
4139
27864
15237
24394
19145
12631
14909
712
29861
7429
18606
15178
5855
27985
25623
12387
7380
31223
30680
2120
6896
12418
31455
24442
30659
26895
356
25509
11094
30805
5846
5576
2239
8930
29717
30615
17907
21927
26081
10270
13788
18359
30611
13222
26795
26956
13834
6876
9840
17419
7913
21808
30695
12425
4096
21116
12693
1293
19207
16358
13588
8600
24978
5127
23724
32034
7489
9805
17699
6183
14391
21917
27093
30818
31182
573
18183
4569
2953
24306
30328
16665
6731
23909
31289
15043
6086
14795
10687
5191
12341
27077
30007
18928
18510
29317
29465
26145
6002
27187
27648
11742
12840
10383
22713
30349
6345
27351
1689
2302
7805
28395
22036
13738
15461
18863
18316
32312
9498
31921
19047
30790
11351
3852
612
19813
22258
11660
30511
31845
10001
5650
25139
16340
30874
21050
3759
15809
491
1340
12
25797
19660
20752
21102
6725
15265
5846
2441
7665
28389
5748
16822
18064
7891
12673
30533
31744
15718
21858
22549
4728
29828
20658
21347
27409
21622
6120
23520
32133
18076
15667
4102
12086
6239
8105
15531
7026
12902
5537
28119
12533
20493
5725
467
18607
19219
9965
29314
6600
20370
3663
18676
12002
3125
5339
28473
16542
12965
21215
21619
6497
23620
21126
5935
26200
10014
2302
10742
6585
7965
27353
9758
16972
18300
8116
16614
31787
22653
6423
5827
24262
1375
4253
16628
3113
24202
12629
26972
17794
9230
28775
20625
10461
7243
22779
31281
31795
17137
20310
29557
10659
25644
3910
26632
20735
30744
27073
31001
4746
21115
1481
2735
30464
31411
10386
31548
6359
16365
18663
31094
29381
23960
29130
27746
30594
17434
14427
8625
22223
22977
18683
13904
5047
18428
20400
27963
20501
10443
16331
26770
29014
10356
16073
30958
640
28536
13944
30453
30579
26821
21083
23340
13680
14381
27726
2061
1239
29975
11373
31322
20533
32116
24627
21424
21629
29941
19679
29535
9878
17531
284
4473
12822
11728
27104
4137
5454
18324
11925
30534
32390
30074
6263
20008
28297
12468
2365
18363
1125
13483
17659
29905
13932
25588
4935
28861
7294
31103
31643
15389
12171
23058
8442
14839
8787
6646
214
776
14192
2801
6450
856
14487
26228
14852
5650
29467
26644
1501
5011
23986
27710
26059
1473
19324
26407
29823
30366
20545
18435
9387
3357
14843
7287
9902
27700
17300
2128
20851
2098
25840
25973
4758
26195
25646
8218
10697
31377
3115
9015
13175
6078
11336
26937
18087
9680
17774
1271
10786
4732
2127
14055
25816
12294
2286
25234
11648
30295
19297
30789
32127
23120
3541
9994
19211
12126
29652
27350
11920
18254
30403
19204
30546
17507
16303
23810
29525
20902
20041
24395
28282
13694
4398
149
11498
29312
21356
10059
25783
27272
9026
19773
31425
14345
5672
17303
1751
12705
3599
29455
25375
19441
25578
27747
19128
19883
7021
23811
19357
2540
1045
15370
4045
5325
27496
17267
16809
9781
17534
2442
3997
7921
26816
20128
4866
25606
22000
21251
7747
1093
3434
18734
13887
23585
30889
14396
15087
11198
30476
25251
841
21322
30938
1310
28772
10640
19333
491
15324
8394
31531
19511
1400
11703
28002
10199
25610
9454
6453
4408
32151
626
106
24985
27320
20358
19975
887
26944
6851
15892
19273
8735
13927
12961
18542
1671
12528
6667
8804
2125
15338
2684
22074
12689
29957
14001
26696
24481
17770
8192
24093
9499
19279
10649
5305
5970
457
28940
18173
2803
6882
4107
22623
1001
16364
11121
14306
23677
11285
29572
28486
26562
21819
31095
12923
4912
5889
32308
860
19343
5154
7768
15770
10519
16901
32638
7926
9941
21138
25280
8116
26960
28741
16507
12108
22637
128
20819
10594
4240
24614
10359
5880
28420
20069
17190
4067
15773
31187
12659
20603
16795
25533
15429
22423
12754
3515
11425
8377
22536
9608
6188
20101
24991
8977
22251
22904
9076
3276
1614
5846
21766
22091
15725
11236
1755
3345
22161
16728
22559
18340
29174
2830
12175
2788
5583
30716
31637
6554
3979
7784
15796
25172
31319
14424
25895
32625
3812
17483
15557
32120
8298
7718
28712
23470
27373
9329
27662
31463
5823
15811
7679
28316
5446
21115
22321
25662
15103
3761
22184
5322
15043
109
16033
29854
26185
26134
31025
5515
22509
16685
20522
28459
27055
315
15422
372
7551
23303
12135
1422
23224
8205
24198
8418
9450
10796
20042
20084
12252
12191
10067
29298
29905
4910
5527
19469
11531
1189
14085
14727
21902
1414
23913
653
8230
9723
10128
7368
30123
3598
13740
7855
28036
10012
31993
21663
24170
31111
32417
11309
27758
4780
26078
27067
14398
1813
20830
23625
5028
25839
19435
910
24399
10942
14411
23623
30166
5711
13413
18128
18426
24558
14246
15345
3628
13786
28835
17402
13135
3062
9728
25618
23742
5057
7824
30156
13201
28808
21693
7419
21276
31707
31019
20424
185
11837
2200
9473
4296
31
30983
23732
7411
22288
16925
22269
28599
21294
17611
27932
18719
4320
22061
24778
24787
12999
29106
21966
18770
18417
22142
2507
6268
25168
5132
15964
31059
29035
18968
2402
2818
13652
8124
32669
12575
24026
13785
28026
14637
10751
6328
4652
31077
7085
29937
4350
19638
5028
5004
3304
4106
27063
24935
8800
1227
21816
1495
13170
15525
14769
19602
14867
29326
11220
26317
5299
29956
17077
18337
273
1430
2359
8115
14675
20902
9156
15380
26454
26733
32322
19558
25155
21056
5698
21569
27235
11537
13690
19413
22324
29240
12405
13264
27580
18804
32137
8322
17693
3372
14346
62
5994
25595
25533
8452
11449
4972
1167
14686
23161
28674
24199
30856
24838
3708
29178
25043
27003
6742
2046
30539
5576
30099
25376
30616
22276
1466
26714
13090
32260
21023
21567
15481
14892
22371
20601
30707
31365
13374
32117
20119
25872
4988
17501
2105
22618
30534
1351
4327
11089
18851
30124
11652
8022
22079
17179
25523
14483
4458
20014
6391
28815
20579
4542
11544
30463
22231
2643
5064
29920
23973
12766
12678
1474
30436
25515
32707
23399
29479
15505
15427
16268
11263
19308
10183
26631
22466
9677
6121
20754
19083
13551
24647
4583
18562
20205
22243
24461
19806
28723
30666
12785
27944
10546
27636
16184
12865
5209
30572
16724
7334
26688
4784
14805
9843
31270
13147
10242
29094
17565
2049
25897
806
18052
11099
6963
12036
20022
4772
2427
6656
1281
15170
3041
29775
20186
23465
6170
20891
21070
7037
9546
16972
15548
5878
12756
4614
5826
12681
23408
20338
15605
31685
15743
322
20693
12411
2460
11375
13824
3361
3700
4037
28581
2424
8407
14498
29244
12909
6927
21755
15732
11325
26224
26271
21101
8157
17200
15296
23080
6041
17017
20655
4156
3835
9917
32487
17866
14830
7754
7501
4274
18211
3102
30134
31495
8628
21244
13226
18113
30216
22207
12392
6578
32246
10223
16425
9660
22573
3474
25769
8512
28371
24900
2276
9177
12652
29066
10781
15179
9726
24164
4645
19638
5490
9249
1754
5648
22334
18551
4846
25553
65
24019
19434
20208
30958
20718
14706
5903
16045
13473
16842
27891
21630
32762
16281
16694
9952
29327
9453
27456
26353
4882
20352
15475
8406
31782
29242
21414
4445
27505
14326
17621
32481
18163
905
26902
6511
3222
28928
27343
9766
24582
31786
25127
31204
10946
28759
5562
1823
628
1374
13201
784
18814
19941
5713
26135
15829
23260
27314
19291
27154
14411
18739
29617
11462
10062
6157
28607
18958
14685
18789
13665
15208
12497
18885
9291
12741
19108
13005
15856
32224
21881
5670
5283
21197
14812
29880
13820
5845
22474
13853
5246
13953
23924
13397
13430
11765
31552
12219
8230
15487
6417
16183
26403
30320
28872
4278
11516
10539
12811
3543
2844
17787
4933
14567
18930
17450
29677
22032
13647
14543
29708
13517
4111
1767
9465
11681
27387
27943
14183
10249
25326
23313
19106
15535
2615
17606
16662
18400
319
26907
15889
64
620
15854
12490
26045
25924
30395
4257
7361
23766
22890
11944
2476
30037
21867
16483
16513
5383
4357
1996
7391
1117
24811
15514
5684
16740
24081
6851
9261
8796
3517
14912
18289
2981
20449
5136
2702
15587
1960
22655
3891
31066
12879
31400
31649
3994
24630
5433
23644
1121
17463
3190
20006
25789
19766
4481
1069
881
32249
27352
32388
9626
30522
9759
1232
25234
26619
5920
14660
15125
22554
18448
22479
11170
293
16147
30099
15908
10607
15619
21658
24274
13668
22893
8132
30804
25369
8157
8964
6951
25640
4700
21452
13378
18874
13622
15814
5882
30437
2049
10181
24099
3385
4058
1275
26744
1941
22258
1644
29757
30527
1354
24738
7714
5940
30394
6563
18283
10685
29240
29472
10062
21571
26199
17647
2972
28004
20238
23484
3236
28999
10427
12283
14421
4140
5223
2336
30882
2887
4428
24851
14635
21454
28564
7134
4121
8273
24676
26537
28233
27722
18201
22761
6830
5621
12242
5844
31984
3681
3886
11288
31577
20423
12119
20428
28658
3612
28223
15015
30953
21986
12585
23664
10294
3395
12652
1461
22142
2912
1651
22976
7480
14823
4361
7367
15374
29923
11219
12899
28038
7385
17694
24643
28385
3856
17884
10530
16196
30768
27112
21494
23061
13583
28050
29547
28840
13767
13399
399
26395
5900
19696
25551
6270
26044
30351
27426
9783
16568
2917
9348
22181
19699
29799
3494
18180
12232
2642
484
29841
913
2028
29559
24814
31349
29069
17644
21959
9089
5599
22228
2998
1530
3042
7614
14436
1778
21043
21602
18418
19738
29581
7711
17815
5847
21648
11688
14218
13976
3777
17402
29218
10598
31955
7057
9787
31677
23589
5083
11997
28826
10123
12525
25112
7893
3921
17269
26930
30897
12925
19695
25605
29106
32085
29724
23458
13998
20769
7600
18490
11303
22834
32075
11839
9944
12579
12971
5830
4750
16479
18208
26416
31545
28387
8000
23561
11331
5958
13531
11056
23072
23030
11570
4408
2599
13764
8035
19983
11424
2467
7976
21725
7454
25516
24513
13103
32015
16742
815
29525
7313
9541
27043
32264
25991
9584
5430
16209
31980
22471
30170
4774
3688
16165
12689
14933
30241
7650
15581
26150
15572
20893
22391
3387
6692
7224
16707
7996
28978
32291
15236
20657
31597
1502
10829
1711
5548
14521
27192
9655
25466
30943
11865
18395
15536
3218
31349
7714
6474
10936
3440
302
28531
12439
20485
29980
14306
25821
7098
9388
3177
27619
28178
6050
5323
20786
23556
10348
13775
19015
22956
32004
13970
5779
10817
1816
20513
8390
3143
20329
23367
17741
30213
4209
4260
25113
30266
25672
3839
5027
3340
2504
7134
17197
4417
1264
21075
27210
30129
7814
13336
12192
763
1792
20702
16621
22904
8357
30691
3656
20333
13552
10179
19114
32645
6453
12432
21932
7038
1670
15396
29330
22306
10456
12470
28809
32633
10594
8620
10285
4669
14406
17072
29262
27022
22899
4358
31732
20455
30922
10013
7072
4177
2432
28260
3029
22230
13507
9054
11991
30009
23456
24569
16307
24548
28708
8220
5247
30498
27073
29823
21987
28814
22772
22463
20441
29900
24101
22962
16304
17782
1999
5368
17239
32601
23520
8914
19928
19682
4195
311
17699
7379
14172
7973
11533
12602
25075
822
920
6820
32469
16499
12917
29582
30680
11628
14791
28700
21214
4489
30762
5646
23035
15515
13300
12527
3802
15542
18875
22159
27996
9795
9239
4020
16771
8785
24744
30989
5263
14124
18011
28775
30054
32561
28906
8739
8249
16864
21922
2792
18789
9011
1385
16789
3991
23854
20479
7546
22836
14264
11396
3271
8440
12969
2875
12100
30173
5668
29837
2371
12862
23847
6481
25300
11836
11872
14410
10039
29025
22339
31985
22679
10115
32089
15221
27637
23787
31195
11777
8546
17847
4991
5949
11377
5245
2706
28183
16620
9265
11079
30403
22470
31049
23119
27904
16465
24094
20393
9118
20913
7830
29628
15677
20625
9984
4771
25175
23828
2623
22984
6273
32014
13099
21428
7917
5749
17716
22053
29748
28178
28745
5729
26962
32380
15352
22475
26098
15175
3542
26804
16877
5241
28449
24947
22541
20029
21924
22968
13846
220
29659
2077
3591
21736
21592
32766
19613
20411
17509
395
31001
17440
20971
4123
16963
15183
24722
17092
23727
27167
6698
808
5695
1655
15946
11921
17129
4357
5430
19777
26298
26419
2566
21507
16667
12631
12293
9222
7508
298
14168
15595
3150
13436
5344
21789
27549
28710
24929
19553
23997
18239
13283
11438
6044
25235
31576
11582
10073
15440
7040
27621
6220
17411
20746
20642
6214
32451
8444
20340
538
30636
22356
31854
29020
5264
22767
9742
17256
8936
19627
27083
10662
12561
24521
30445
12557
1973
10645
29601
25318
22407
29256
14413
25299
28467
24877
21793
11791
3476
22019
5615
24567
9256
29091
30780
8138
7618
4578
18327
7085
32127
17593
21545
13554
27131
30371
30606
16793
30917
24647
23523
1815
19984
30551
14624
21079
25771
26296
31912
20735
4659
20963
3871
4084
7047
26507
11388
17184
28028
1920
607
14963
19922
32723
2212
10279
6247
9531
18488
7241
23723
19127
1067
22901
28500
23669
30983
26337
17491
8691
9825
924
9478
27492
22189
24344
5807
11861
22871
15079
1317
21904
8975
22978
1481
18496
18532
24527
18108
27735
1684
2084
32335
10285
20130
21383
28347
10089
1706
5239
21011
26405
30066
31857
17014
19789
3137
3692
29321
20296
756
6822
18980
27611
31310
10146
15180
31818
6288
27761
25442
8384
21577
16434
19609
19440
24944
8917
25518
12797
29872
17188
30163
7831
20739
9731
19180
30312
21378
21238
12285
26542
29052
10725
1507
3625
23749
17948
10307
3639
16976
4758
16577
27454
22272
29563
23154
7498
9916
10471
18835
10743
22978
20205
15227
17554
25661
7900
718
14715
21529
21952
29684
10445
12566
25644
26057
21569
8987
19255
10902
1104
21198
19141
5441
18584
14433
17672
24256
6017
19630
31558
32723
4384
20615
2012
21235
26972
7751
14723
4741
15695
14765
13266
1876
22511
4587
30980
31550
10733
10745
16636
17454
30941
6959
16774
31562
2456
9747
19424
13421
18910
17776
25465
18903
15680
30632
12792
4131
12605
12874
31872
1658
31916
13287
32306
22279
20058
10274
19444
15274
20211
20999
9585
6897
6694
12446
22369
28996
21252
20927
4875
23135
22441
18215
24328
20230
22559
29132
1353
27379
21631
5998
8796
20244
18009
30319
14826
29683
31062
19428
29829
118
22300
32748
27296
30920
10866
27713
8415
22935
7589
28940
6546
29568
30762
19454
8060
6855
24452
26012
11736
32588
8041
2266
6558
16570
15648
14572
24578
4866
23085
6489
15933
1800
10800
7249
30353
19355
11
27456
26247
31403
13891
15779
21116
18102
30377
4635
2651
7300
9529
32191
19372
3348
29250
1463
1230
5078
22471
14087
23936
3355
1573
28840
10407
28873
1015
5085
9035
9555
1335
3780
9442
32488
15782
29995
9425
16107
12909
7078
14640
10148
20228
26846
29389
30773
16723
20780
14964
25807
24855
12391
4974
24357
9864
30202
26440
17185
29753
22329
16086
15318
14399
31733
3190
29879
10389
22861
27545
27398
7871
11976
31104
29583
22190
22945
11076
18581
5348
29282
17689
13325
30680
26804
22227
10762
30876
4470
25002
26489
24253
23308
2874
26894
11115
7162
462
20094
16345
12209
30173
32239
17127
21928
19669
7084
2559
1711
28952
10782
2364
13441
25412
26104
3794
10136
28856
12977
19882
28485
13140
11063
31564
6143
15999
10978
1282
7164
7535
25254
8250
16894
1701
20110
14893
24176
26806
8037
2750
10929
13393
27830
20133
9904
1918
17144
27852
14521
7716
25090
2809
32654
11214
16325
21934
2746
686
9017
32590
27938
11235
27544
14976
24029
21751
22475
13272
23365
13996
25121
20149
1102
22776
1095
10597
7191
22606
30581
11408
27583
4127
17637
10707
30330
20129
14985
19883
13284
30159
6141
26773
17557
11697
1979
21363
21749
3037
14478
29490
8785
21566
11081
8106
22063
14100
2232
29125
11231
12348
5079
15588
5203
27570
3138
14206
19505
21332
5357
5898
6181
10728
29461
8992
7036
22369
14710
987
31983
19038
13247
20353
19900
4852
9795
7014
26364
6829
13809
5133
12592
7632
3206
24721
2589
18915
3329
21827
15578
9583
11351
14741
16423
9475
17001
9527
12032
4475
26419
14463
12146
9090
12358
13326
15278
30806
25208
13233
348
17356
27610
4229
19249
25491
14826
11871
10436
14268
16394
14442
18589
25722
16945
4370
14479
24871
14305
31009
73
30856
23385
12840
18983
7762
14603
8225
3662
15853
21328
11858
29687
26231
11867
31605
23819
30732
22635
4373
20465
13893
16965
10811
13219
25598
31714
19786
4616
19549
10597
15656
21630
23824
17488
1438
11957
13781
31990
9986
11204
20800
20532
9491
4470
10937
9564
32036
3557
1476
2162
18301
25419
14981
21659
2046
1556
11139
25298
29189
24888
18604
4317
9106
13511
17305
13439
7081
17094
22804
20208
28664
15929
21463
5258
1466
12417
11415
7365
20955
18664
27457
20069
25693
19067
11652
23538
17146
3096
30351
25705
22283
16071
11292
3121
29352
28237
25773
8784
12561
28671
27413
9695
13900
13269
6971
16315
4624
11199
31771
1150
18914
15676
15117
4782
20094
28968
27722
24884
24696
21973
13484
21007
10275
18270
16565
23881
1202
4664
11475
26666
22173
9226
17122
7341
18759
16063
12531
21808
24541
25049
7500
28783
18817
24072
15280
8627
16552
18171
18400
4423
31168
14198
2401
24876
25879
7077
17536
27149
18424
30128
15508
17525
28951
20623
11139
29248
3118
21792
21127
15440
22761
13686
2098
6273
18688
25204
26544
11230
18850
16283
1357
15637
15386
18721
19510
11048
25005
24643
27012
15462
16065
12764
26742
22938
14661
27445
25598
2434
30284
12575
29056
16514
15099
3391
10454
22682
21670
17834
28055
17814
19510
21170
23961
22916
26830
26367
2228
11627
17838
15841
21961
570
32599
9188
14595
11775
15343
28069
8029
26969
4840
20709
13157
4400
6109
21468
24383
12451
3260
18127
12268
26434
32554
31717
32205
32638
21795
12599
32354
18781
3297
24870
9048
3443
13312
27889
27331
11277
23007
21895
1192
15535
329
30361
29118
16833
21845
30708
32629
17541
9610
26894
17720
27980
27975
15070
1775
27626
27234
3057
8393
17511
1808
31419
24632
21495
6917
29227
28221
8748
18396
9346
12005
21099
29880
10340
14868
18845
11564
27695
20865
23590
26456
29581
30722
6171
30037
4933
3594
32687
9684
8023
5999
18415
22529
16199
3697
28592
1710
23737
26617
17093
3757
24638
11550
7541
13437
12398
19949
1068
11562
10039
4458
25456
11886
29044
18130
3095
18972
3265
7203
16311
6334
22414
15838
24927
30589
26483
9228
7812
23874
6595
12415
9278
2843
4708
602
13493
7136
7390
8916
12501
14102
9137
28472
27210
27411
12780
25648
20904
29283
13051
11844
21737
26731
25793
9118
541
12620
12263
2832
16989
6411
23155
21592
16641
28142
18588
9634
21267
6697
16348
25166
29443
185
24648
3828
9371
8593
18461
13989
21814
18676
5531
13684
3117
20002
15126
3125
32659
9526
22858
8581
24866
18511
5103
5131
30580
15342
5261
509
22391
12959
12178
27109
21019
5084
24482
2213
27213
27182
2862
22712
26409
31893
18504
5820
22123
5930
4789
28461
4903
18179
10308
14708
9403
3415
32607
25632
2561
19938
3040
30323
17609
31883
17958
19232
14726
20037
10343
26707
14151
28979
5703
6386
15337
4111
25258
11042
18571
9420
26567
30734
23107
24186
25983
6372
23311
7787
6636
27935
7951
20628
18492
22028
16881
9013
8640
19335
30892
25021
17728
11782
11121
30440
18578
31194
27614
23082
106
16305
7030
27728
31348
1630
22094
1893
23968
31197
30216
17874
9406
2961
16645
17610
26442
26577
6615
26085
9353
25763
17141
21515
17621
19911
2739
20372
17716
12792
29553
1453
16688
5486
11282
30462
20195
11687
27824
12682
24914
2663
2957
25046
9468
20478
24141
32589
2738
26313
15203
6115
29864
17403
12234
32505
14797
12189
15605
25472
29528
11220
13064
4450
18595
24931
31560
25117
11581
13680
26320
8369
17723
27787
21895
25789
25550
32492
18766
10469
22555
508
14718
8310
31814
19224
14993
4173
15056
12177
19999
12021
32292
1527
28429
20495
15980
19607
11777
24311
8617
6466
29208
27812
25091
13904
12764
21712
28253
4325
14448
15961
31021
23667
19214
31464
27019
3968
17076
2512
25224
7594
28185
16953
21696
4840
20454
26749
20019
29714
3363
13010
31824
2212
8175
298
5203
29119
8821
19543
5585
12912
17947
4211
7057
3381
19196
13951
11934
23229
2969
16714
20378
15856
28875
16788
10837
22831
25085
21876
10143
26845
1431
14071
20826
26398
26045
7690
15571
7390
19770
31130
28498
17430
28855
17401
28911
8010
14385
30340
424
10839
15530
24707
9393
18539
19998
25936
30219
4949
5560
26044
32344
12287
10310
22702
30958
19512
7403
22285
16426
10679
31763
7904
21510
23133
6828
20916
12014
4539
13716
29246
23760
12244
24909
25922
2163
26916
8696
31156
29449
12257
16257
15388
2567
17024
10775
6463
3892
891
735
5115
1792
32338
7401
4723
24856
15824
2659
1644
3895
22415
2572
29943
32319
20670
26860
8529
9608
16418
11331
24327
8312
20827
6079
20317
1620
3433
25585
3569
29781
3182
14594
4252
32255
29877
16802
16025
30638
27380
27202
745
20338
22478
8323
24053
26652
9884
9966
14966
10905
24941
20709
2450
16767
20043
15065
27207
13030
29121
21182
24589
19577
6810
17596
23735
5581
23274
8232
8603
15601
4691
18610
15346
12614
28033
2016
8322
24720
32503
21179
10874
19022
21774
6088
413
23879
12602
10553
11170
21350
17552
5989
19675
32711
5509
3958
23574
17170
29433
4705
19905
6664
6260
6172
31313
31323
26543
29451
17380
29123
23382
1979
16164
15182
5900
11474
25455
16120
14512
18246
1590
12155
20190
30414
9635
14952
6329
26262
18047
32375
29416
5687
26962
15387
5599
12006
23244
29786
2400
14571
25443
27100
28993
17750
6718
14402
5999
24557
24402
30137
22323
23912
16587
4814
19892
23009
20397
27780
29630
31622
10171
17571
1217
19857
11928
5204
22301
18298
20012
27883
2460
21610
11849
23300
10816
28404
12686
32721
14912
9472
14732
21682
13133
6151
30248
19718
29209
19846
17472
19010
10778
25516
24466
5696
18060
32342
27609
22489
23733
62
6456
13749
4972
25711
26588
7010
9180
19453
20190
21668
22406
5106
19046
29452
10117
1931
5398
12748
24854
677
4262
19402
29527
6258
8651
30707
19023
4720
862
32722
23343
23452
21690
9313
17879
11235
26470
17695
12188
2009
4084
32098
15177
26797
32296
11247
16995
8285
24669
6344
13234
20006
22053
11589
15100
30527
30256
29286
5652
6086
27503
18792
15124
16379
28024
4758
13286
4524
6189
13922
21257
12784
26264
17588
9617
792
21786
7810
18032
15075
28357
23969
30453
10481
18950
28379
8338
16762
14471
4673
9186
16448
11859
13762
6378
30658
9276
24061
25760
8371
31098
4436
18345
15786
6292
31042
19047
26395
25476
11758
10803
4998
11030
24576
11239
12270
13713
21683
30624
7309
6297
26667
25026
25030
27220
2570
17724
12635
3532
26686
21261
2016
7828
15388
31495
624
16303
28083
20946
15518
20909
346
6197
19118
21527
908
18321
9222
30221
26358
18350
4575
6702
2253
12730
30272
20920
20325
17551
32557
4848
5888
28213
6684
11973
24804
3752
15272
18864
30896
22491
20361
23518
1007
28412
25796
31889
12270
13050
27167
31940
29131
19525
3800
5390
3279
27093
7062
10952
21245
20333
22432
28786
21483
6433
20045
25939
28113
22550
2236
30816
29920
27785
4036
21087
25813
16658
18990
2892
20685
19242
2850
20220
1371
29932
25824
13568
4312
21528
5041
20428
9722
21085
5404
14105
3240
10968
16220
4487
5389
24792
27922
24967
16620
5092
4408
6520
5939
21759
18262
15120
21970
24874
13304
1534
30157
25899
18783
31181
13712
11917
17527
12044
7556
28136
30217
19372
13023
28258
11314
5801
19648
26230
20500
28397
16251
17908
3019
10609
21041
9545
3234
6821
12965
14849
13703
20242
23370
29834
21949
14141
8097
11067
14289
19151
21185
30356
7375
26356
15415
8904
30645
27649
20241
23160
32040
24153
22326
28354
23398
3729
4345
24698
11900
3282
24301
3767
1209
27519
4602
11922
1890
5400
30640
28714
7079
14687
8924
29932
4054
5561
8793
31505
10447
7382
6697
25191
9144
16788
29380
28245
32754
26913
4784
26905
9547
18528
22098
3157
14965
12431
14852
21194
16311
3878
27240
5987
16866
9474
12027
9589
14727
14530
25325
7749
27239
18546
28720
22475
22315
32359
207
6325
7509
28009
23169
21935
19831
22552
6270
21474
5026
1928
14225
21690
17442
29999
10350
12013
8296
19457
23623
30905
26696
1241
32666
10093
2917
8731
22349
18474
3817
20119
29692
13803
31609
25521
12178
28867
26472
6847
10518
31334
28970
28083
13000
23531
15884
27386
26221
14544
20771
164
21479
4927
20098
708
32264
9615
32432
28954
6568
29966
9818
16367
17141
510
1604
10305
7435
14557
6021
17184
4037
2282
22516
29784
6098
17380
15070
26704
23819
11029
4602
10546
771
19855
670
3916
26592
7094
23346
4279
17770
21502
23782
13366
26722
11510
19872
11104
29205
24710
26168
22530
22577
31860
28904
16575
5846
7213
11262
14585
18672
28611
17620
16373
6853
13362
32514
23353
19146
231
23506
28729
11451
3715
22005
24883
25322
23260
1396
29016
16856
20036
16361
13356
4610
17935
2286
3119
9213
10319
26326
31933
27333
25826
28571
21299
4179
1967
8728
27475
14445
16428
24440
4842
26050
548
6383
20655
13622
9143
1448
4719
25467
7330
29950
1639
20705
19136
4334
9202
30575
24529
9420
10084
1842
23675
15414
1333
7381
15502
11847
6242
18034
14476
26892
4112
19112
16489
4412
24690
26094
5007
18979
15086
29222
6693
14816
20859
11382
25489
7632
26958
3411
28219
842
181
26334
7316
30861
3139
15732
31576
18934
3885
3712
15632
8055
4852
31124
3802
3652
16964
32697
10860
29391
11037
19715
18775
9975
27696
16488
23945
26748
20876
9681
13078
951
9337
22130
24376
5768
12964
13143
8340
32655
20605
11840
5310
19871
23262
21679
26368
17263
31725
4415
23639
17299
14147
5943
24767
14507
334
11359
31152
19931
26099
17683
16873
2939
632
9877
21100
11279
22178
936
15562
15737
12570
18266
31392
25197
15125
545
30306
18470
26420
11561
4439
9303
18345
14317
19173
20325
3996
5125
27919
20179
17357
13118
25148
25598
24186
11248
6202
29450
27267
30604
5250
22044
22988
32629
7614
28873
6883
27665
7816
6095
12771
27167
9589
8451
22680
23115
9810
12171
27107
7935
24749
4173
7264
31869
3992
15015
20551
16171
18089
18785
29840
7213
8261
32736
18267
57
8478
12188
30094
16551
29947
4564
24000
25288
26808
27008
31318
28025
17805
391
14059
30968
29075
23346
13558
28918
31107
8416
17318
15597
26561
12540
3857
17075
3226
21805
19086
30544
7114
31180
23135
29197
17218
31131
16532
13773
7976
20916
20779
9376
12062
20927
29052
20886
12487
7272
26325
9425
903
3089
30817
1502
31115
20419
26702
70
14858
21611
2094
5727
6346
20035
27806
13928
1765
30350
1062
1493
205
20872
5473
30440
7566
4253
26718
23681
9043
25817
8005
28727
17708
21920
574
32423
28174
28575
17038
11788
15644
24578
30979
4881
5924
20455
25491
2019
29037
5139
9792
31113
14768
1252
4927
8056
32612
4743
15960
20834
16958
26987
24464
28496
2553
15094
18694
4080
11091
32374
29723
26928
24152
15962
27093
9995
2530
17826
2694
9379
26721
16788
30888
15249
27096
11185
11020
7545
30504
4071
27188
27617
31377
776
15613
579
20854
23931
2176
9824
2912
3634
26427
4824
6726
6619
31596
4088
22540
6747
16574
3795
1353
21112
8487
31380
9549
10709
20753
13330
23395
9508
14008
27557
11603
11927
24787
19769
20267
17047
20598
12960
23615
21689
6711
20525
8559
238
8848
3966
23720
23802
31108
3225
5550
32295
6533
26939
29720
1850
3478
27244
13980
21158
17069
5207
12172
3328
2139
14425
27297
21427
1198
10584
24568
11253
8023
2646
22618
26105
10248
27461
26304
16486
15392
10269
6934
24585
12170
15917
21056
28614
31970
2990
18267
31957
218
11678
19013
25387
1245
28620
16223
24117
23794
815
19601
4556
7394
28283
22415
8038
10397
27894
14683
7049
9178
12168
19212
30598
1278
13330
12237
13155
20287
9985
40
27673
14345
803
14981
6656
15264
25529
7405
4999
25864
15565
19476
10280
19746
28102
27543
26523
5399
25145
2946
26954
24569
13570
3861
10246
4008
2452
28872
17912
18675
3981
1932
19674
768
25742
12628
15975
9710
18505
1748
2319
31928
22235
31880
13552
32349
15709
5369
23810
12862
7349
2108
18577
13255
3762
1211
14577
6481
345
27960
16237
16967
23673
14350
12160
20616
9606
21434
328
20749
5539
13467
14391
22476
22017
28662
8716
4828
22120
2109
513
6361
29203
20113
31814
30346
22209
32133
21935
16321
25097
28965
23466
10115
26862
8247
2163
25449
7603
15040
14219
24134
2033
4554
32358
32266
17126
11365
32099
231
30224
11756
15618
13746
15354
29065
27474
5003
27479
32507
3496
29888
30285
15511
31382
30959
21523
653
12315
21099
10430
29549
23064
737
8024
15850
7427
19260
10803
11229
30943
21189
7548
8845
22636
18831
22547
30765
8347
2578
28314
17062
21572
32278
3277
919
8219
19155
273
21914
25313
2134
9807
32458
1495
2086
8194
3202
14712
28456
7311
23655
27239
9920
4566
13992
679
26937
10246
23940
19210
28007
18101
13837
236
30090
30768
28204
29728
17782
5903
17382
16683
17393
31245
20957
31664
19293
4631
1306
23852
28055
11939
8201
19428
12062
23619
28357
19995
32120
4474
4246
15751
25809
7630
31417
20230
18662
3870
6239
17038
9505
310
11255
20322
6149
2977
21936
8332
15821
16830
25402
30087
7760
30999
19661
15164
12840
18925
877
12592
17171
32280
29804
28411
11161
25102
26160
24060
14832
11329
4663
31563
14876
28334
8279
30191
27482
18098
26443
32081
25791
16160
5739
21489
11549
6290
11451
31320
2598
27644
24871
1614
19156
23431
24589
31308
4360
17820
508
12596
24177
11838
24508
12864
26799
21150
26510
312
30904
6889
22452
16105
22907
24165
16948
11730
6596
11708
32218
28448
9568
6040
10364
3037
31105
7023
7809
7780
30820
16033
2980
12312
8240
30656
30966
8021
10530
25646
31778
8615
20199
31726
27637
13882
18761
14260
15902
7314
14350
23870
29234
9084
1565
26087
11763
25669
2019
13178
28369
15913
22773
1860
29873
9742
15607
28525
18926
7795
1980
7816
3229
27555
20654
24936
23830
22574
30065
10037
5552
7577
12227
20416
12235
17749
17063
13332
31252
5614
706
7502
1028
24709
15877
7598
25258
17024
18060
32749
12971
12160
9414
16593
31623
22419
13527
18176
22557
15788
13114
19730
2162
4688
31915
12777
20654
9873
1348
9029
18791
2880
19174
22163
1314
12383
18138
17414
12055
6357
8888
6121
1845
30309
13448
20020
24422
16865
1576
11357
32276
9115
27630
3440
2540
16413
28301
13410
25314
15642
3133
6307
3189
4772
5398
24818
3380
31902
9917
117
26497
8309
2883
10761
3989
15115
32586
3543
708
27380
9066
5416
25602
27365
7379
4218
16807
20585
10547
3026
26735
8918
10714
15701
26565
24192
27164
16914
11073
14380
9462
7459
19823
13512
3573
11508
2002
26969
24916
2786
25640
30516
16228
2312
4848
6257
22321
16981
2858
20637
9315
28898
22366
5551
17506
32387
13279
1341
9918
925
25169
31216
7373
10295
22121
5430
3222
6995
8180
4406
19181
5246
13851
28425
24800
5030
2021
21799
16466
21292
30205
12831
11238
8250
6582
30604
22047
3415
32076
324
31685
13112
10605
31954
32138
29657
11255
25895
15597
29645
31748
26252
16479
15827
24356
16091
25252
17577
13289
28143
4477
14117
17833
19033
24452
23169
3455
20052
27991
24311
1171
12540
28152
25229
27547
8122
19060
5683
11170
11267
10435
14603
13320
16706
23024
24072
31179
14098
29562
12218
31748
21425
6137
9832
29109
21169
13060
25696
1217
17393
11347
11403
15932
22220
22049
10052
2021
26000
6868
26986
26353
21810
11744
29108
21515
7488
17385
4165
21656
3094
5672
27777
14655
6997
13583
7454
9641
26769
28208
1662
17797
9802
18779
29500
21200
6430
24838
6917
20819
30012
6642
2985
9069
12316
32268
10353
23570
6766
16018
13236
29204
22096
8566
5797
14497
32195
24071
23407
16654
3424
11470
3460
2514
26439
3766
29745
7894
601
3953
23415
3820
6567
1814
24342
23196
28713
7951
27626
16423
31924
7730
27514
2246
4646
16430
19919
15155
22500
7209
25986
22378
9862
24231
18969
32689
7376
23214
13460
13014
228
13864
2626
31672
16823
13704
2521
14856
11458
27312
20166
26705
11258
19218
7874
822
8193
28950
13734
30204
10910
3260
896
12360
32107
18307
4326
18729
205
8073
32138
21336
26409
32243
19727
18111
85
3215
30235
9017
24909
3768
26542
12441
13352
16763
30898
32749
17482
1784
30163
4612
6874
24842
16784
18221
16247
32554
14994
31810
28966
25488
23613
30949
27535
25500
19846
4874
3178
1909
20996
11190
27956
3312
20809
26885
17702
4531
26738
20850
10087
10394
14845
11347
29057
24153
28635
19363
32274
29027
9158
8964
28612
16651
8661
20484
10366
14313
14670
30624
16604
13696
4027
7431
5085
15133
10816
21920
13020
24578
8491
32333
21954
20676
12749
22002
7033
24050
8841
8497
11940
24055
11562
15224
8845
26178
25465
14654
7262
8100
16912
32649
7317
14841
25961
29876
31922
17162
5434
11887
30002
25778
6661
16647
16321
20032
4330
5096
10668
19741
12737
24416
10901
22703
15205
14245
21354
5500
31314
18714
10648
5011
7539
10702
17019
19496
19765
25669
13081
8830
14560
8060
10257
27658
3623
2087
14798
17365
3838
24381
20736
11554
14763
20918
12109
18769
14112
32148
28739
9475
904
18464
5778
24703
1312
26998
31096
14164
1352
20803
9852
11072
16346
18638
2911
22097
31930
30261
31824
10314
26542
9465
27231
4936
6768
30653
24116
27557
3330
26443
2817
32541
24642
13016
3509
10031
14014
9609
11379
23238
4041
21814
10818
793
22735
15981
774
6096
10469
25018
9135
18024
23204
17957
29360
10456
30776
1277
15538
20341
11700
17108
22922
8723
13736
14795
7529
23661
29686
14608
27219
10695
13025
15780
30163
9169
13927
2146
5868
14543
6609
21821
12370
15607
11144
6089
2779
11034
15146
24829
13360
22663
3549
21047
13768
8237
27876
16768
14359
18687
624
29457
26114
11165
30904
3095
9367
23344
3915
8884
29435
21909
6821
3910
1699
32447
8705
25323
30663
27478
3951
10053
4628
16036
9766
19322
7586
8114
13083
25215
13349
2478
11219
5783
30311
31632
12149
30230
13814
19198
7715
32107
26393
7788
14986
605
28425
21127
2488
25749
8798
20180
25902
10077
1992
3476
29495
22695
13055
23276
31096
26961
19453
3906
15815
23207
5738
18666
26945
25898
3416
26882
8598
31888
26416
22426
19624
21771
5612
21273
12885
19918
6023
20187
28816
25806
10930
9503
30135
6085
15305
8225
29984
22141
7685
7811
2550
27211
25843
22257
31811
30425
29221
32517
23629
30761
2855
22888
26662
25047
2996
28475
28543
17311
2090
30901
10685
5918
29756
14605
12879
6877
8679
20890
7998
24203
11431
20537
26117
25738
9450
31983
676
31918
4037
10959
5360
15425
3814
4126
26669
14154
17610
27062
6366
24334
18736
28072
19676
10712
16845
20773
12710
26614
29505
26015
13560
27140
24138
4395
11167
23661
15671
9770
23179
31790
30112
24104
5670
2269
21077
31748
27620
6122
6548
22865
2587
11558
21375
25341
23062
15489
21708
18736
101
31000
25023
26231
14198
5487
32085
8738
14442
22778
14531
20971
9761
12003
5918
24280
11927
4615
22876
12642
22132
31298
18043
10454
8926
12012
17408
8700
5522
8867
21155
20727
12083
15435
17225
29292
27617
12628
14386
6118
28174
21819
18036
4985
19341
596
19368
18086
12524
32710
19427
22655
20228
2263
27624
5899
18126
22890
23451
2028
1913
25541
17593
27711
21177
5016
4551
15300
23393
16955
8520
23359
12852
16440
14643
4638
29944
6153
20132
859
29645
28195
30162
11684
16573
8755
3649
14010
23956
5543
32569
1559
31730
15216
6262
29395
926
21766
27425
2248
21277
173
12031
10485
28292
31992
2025
2336
4234
17803
16252
22207
20961
27940
18193
281
23239
22749
5615
28329
21208
16555
14272
8643
806
6443
8002
4218
24203
19102
4415
13248
25662
22833
15295
4559
4261
25219
19836
18376
20586
5217
8598
22170
10705
212
21384
14118
4169
29533
20315
31137
5697
11135
12826
29753
28988
8318
3717
17659
1064
12903
27145
10996
25579
27728
1520
31382
2624
15329
18646
12638
10945
16915
23644
27828
24132
8504
21280
18451
6251
27708
27372
26217
7031
6954
16173
10945
24157
10481
32679
25631
6428
15977
32616
28843
27469
3729
12282
7186
20732
18459
23773
15658
22966
16426
15156
22229
21987
14938
8639
16423
28247
29185
32009
6091
23075
18612
21475
1698
9905
15885
28688
5550
17936
5292
32578
6959
22412
18556
16454
779
24194
14903
4219
30323
23410
13357
28040
9924
31574
11329
16206
16299
20786
26420
32284
17549
19949
24870
2338
23846
27231
8025
16681
21872
14251
20281
15233
21702
18895
22169
8506
4169
12409
14656
3735
31875
29213
30628
1727
16970
15684
19189
20406
31463
17447
25181
19084
30584
30332
1415
7124
6035
3472
16478
14424
29484
7830
31767
10763
23481
10046
10609
8511
30867
18570
24635
9752
672
9182
6167
32321
25391
3670
24191
6877
14883
3675
11781
8897
3924
22393
19167
27872
13106
14443
18594
32518
4780
12152
7502
25802
592
6403
25995
29374
17587
11357
15922
18920
20499
15069
22287
12150
5947
25907
8934
3245
22951
15097
18611
11043
16105
30859
14902
302
16715
22297
5039
8860
11190
8954
10471
10660
11986
